% -------------------------------------------------------------------
%  Generated by MATLAB on 14-Sep-2022 06:37:54
%  MATLAB version: 9.12.0.1927505 (R2022a) Update 1
% -------------------------------------------------------------------
                                             

C1 = 0.009;

C2 = 0.003;

R1 = 2.0071143460385885;

R2a = 0.036899953514841773;

R2b = 3.6530953979693352;

Von = 10;

