% -------------------------------------------------------------------
%  Generated by MATLAB on 7-Sep-2022 12:48:42
%  MATLAB version: 9.12.0.1927505 (R2022a) Update 1
% -------------------------------------------------------------------
                                             

C1 = 0.018;

C2 = 1E-8;

R1 = 4;

R2a = 1.0E+8;

R2b = 1.0E+8;

Von = 10;

